2,20210211,5,6
8,20210209,13,1
10,20210208,10,3
10,20210209,5,20
2,20210211,19,1
9,20210209,10,19
8,20210209,19,15
1,20210209,15,10
10,20210211,7,5
8,20210210,10,11
10,20210209,9,11
5,20210208,6,5
1,20210209,4,14
5,20210210,4,9
10,20210208,5,10
1,20210208,8,2
5,20210211,14,6
2,20210210,19,19
6,20210209,10,12
5,20210209,12,4
8,20210209,15,20
5,20210211,11,7
3,20210209,19,10
1,20210209,16,20
2,20210209,20,2
10,20210211,11,17
9,20210210,13,14
6,20210209,6,14
7,20210210,8,15
3,20210208,10,6
2,20210210,20,9
7,20210208,14,1
5,20210211,10,7
8,20210211,6,2
9,20210209,11,17
4,20210210,12,17
3,20210211,17,7
6,20210210,18,6
7,20210210,16,20
8,20210210,17,5
10,20210209,10,16
3,20210210,4,19
6,20210209,9,17
3,20210210,2,12
8,20210208,9,3
4,20210209,8,12
9,20210210,12,9
5,20210211,19,18
3,20210209,13,13
1,20210209,18,9
4,20210209,5,15
1,20210209,8,8
3,20210211,19,12
3,20210211,16,2
1,20210210,19,14
1,20210210,20,7
7,20210210,16,19
4,20210208,2,3
7,20210210,1,5
7,20210211,15,11
10,20210210,4,15
8,20210210,20,7
3,20210210,13,19
5,20210210,17,5
4,20210209,14,11
4,20210209,13,8
10,20210209,16,18
1,20210209,6,3
9,20210210,9,5
8,20210210,13,16
6,20210211,8,17
1,20210209,20,6
10,20210209,16,4
9,20210210,13,12
3,20210209,15,5
4,20210209,1,16
5,20210208,18,13
3,20210210,5,8
8,20210211,11,7
5,20210210,4,4
6,20210210,4,9
10,20210211,8,3
5,20210209,20,20
5,20210211,3,4
8,20210210,10,2
7,20210209,12,17
2,20210210,3,11
6,20210208,8,11
1,20210209,9,19
7,20210211,19,18
1,20210209,3,6
10,20210210,12,16
5,20210209,11,17
1,20210210,8,17
5,20210209,14,1
2,20210210,13,15
10,20210210,20,17
2,20210209,12,7
4,20210211,9,12
7,20210210,12,16
3,20210209,15,10
3,20210208,12,17
3,20210211,2,5
6,20210211,14,5
3,20210209,5,4
8,20210209,16,14
4,20210211,11,1
6,20210210,1,2
7,20210209,9,17
4,20210211,10,4
6,20210210,18,15
1,20210210,8,20
6,20210211,17,11
2,20210209,11,16
1,20210210,10,2
2,20210211,17,18
8,20210210,16,18
2,20210208,5,20
9,20210209,5,1
9,20210209,13,2
2,20210211,16,6
2,20210210,4,18
4,20210211,16,11
1,20210211,14,11
8,20210211,2,20
7,20210209,16,3
7,20210210,7,3
1,20210211,6,16
4,20210210,16,1
8,20210209,13,16
3,20210211,13,7
8,20210211,1,6
4,20210209,5,1
6,20210210,10,19
7,20210211,18,20
7,20210210,17,11
2,20210211,16,13
2,20210210,15,19
3,20210210,6,1
7,20210210,10,16
10,20210210,8,10
9,20210209,19,2
2,20210211,5,15
7,20210211,10,2
2,20210211,12,2
9,20210209,20,19
6,20210209,8,7
10,20210210,15,8
10,20210210,7,5
9,20210209,17,1
7,20210210,7,11
2,20210210,7,13
7,20210210,12,8
4,20210211,11,14
4,20210211,9,9
9,20210209,4,5
9,20210210,14,7
6,20210210,16,11
3,20210209,20,2
2,20210209,19,1
5,20210211,6,17
4,20210209,11,11
4,20210210,4,4
5,20210211,2,12
3,20210208,19,18
5,20210210,9,1
1,20210209,12,14
7,20210210,2,14
6,20210209,12,10
6,20210211,8,1
1,20210209,9,16
5,20210211,6,4
3,20210209,8,6
5,20210208,17,15
6,20210209,6,13
3,20210211,10,10
6,20210210,14,13
7,20210209,16,10
4,20210209,4,14
5,20210210,20,20
4,20210210,7,9
2,20210211,5,14
8,20210210,10,1
9,20210208,4,1
10,20210210,19,3
5,20210209,4,16
6,20210208,8,18
7,20210211,16,20
8,20210208,10,2
7,20210208,3,1
3,20210209,3,13
7,20210210,13,1
6,20210209,8,13
8,20210211,11,6
9,20210211,8,15
10,20210209,9,13
5,20210210,9,13
7,20210209,15,3
6,20210211,7,11
1,20210209,5,18
7,20210209,18,2
4,20210209,17,15
4,20210211,2,19
4,20210209,3,3
1,20210209,10,11
10,20210209,2,20
2,20210210,9,16
9,20210211,16,13
3,20210210,11,1
7,20210211,18,4
5,20210209,14,12
5,20210210,2,8
2,20210211,17,11
5,20210211,11,2
7,20210209,5,13
7,20210209,14,11
7,20210211,11,16
4,20210210,7,12
7,20210210,9,7
4,20210211,3,13
2,20210211,1,1
10,20210211,13,11
2,20210210,9,15
3,20210210,14,4
2,20210211,14,9
4,20210208,1,12
5,20210210,20,7
1,20210210,12,1
8,20210210,17,12
7,20210210,16,8
5,20210209,16,17
10,20210210,10,7
7,20210210,19,6
5,20210211,18,4
6,20210211,18,10
4,20210208,3,11
2,20210210,16,1
1,20210209,12,1
1,20210208,1,7
1,20210209,20,18
8,20210211,3,15
3,20210210,3,9
4,20210211,10,9
8,20210209,13,13
6,20210209,18,7
1,20210209,16,15
1,20210210,16,8
9,20210211,3,12
10,20210209,11,15
3,20210209,8,12
3,20210210,12,4
6,20210209,8,9
9,20210209,12,20
6,20210210,8,4
5,20210211,16,20
8,20210208,2,9
10,20210209,1,2
10,20210211,15,20
2,20210210,13,13
9,20210209,2,11
4,20210210,12,5
8,20210209,1,14
4,20210211,8,10
8,20210211,18,9
4,20210210,13,16
8,20210210,10,6
10,20210211,18,2
1,20210208,9,1
8,20210211,9,14
4,20210210,8,8
2,20210211,17,20
3,20210211,16,3
4,20210210,9,5
3,20210208,18,5
3,20210210,12,5
7,20210208,1,15
9,20210210,13,5
1,20210210,19,8
1,20210208,5,10
1,20210210,16,6
6,20210211,11,6
1,20210210,18,13
9,20210209,12,19
1,20210211,9,13
3,20210211,13,20
6,20210209,7,8
4,20210210,20,3
1,20210210,9,20
9,20210209,6,17
8,20210209,3,10
5,20210210,2,16
3,20210211,20,17
5,20210210,12,7
2,20210209,1,18
4,20210210,10,18
7,20210209,4,19
8,20210208,7,18
6,20210209,17,6
1,20210210,3,13
4,20210210,3,12
2,20210210,6,13
6,20210210,2,14
1,20210210,12,19
1,20210211,4,9
4,20210208,12,1
4,20210210,12,3
7,20210211,3,6
7,20210211,1,7
7,20210209,3,17
10,20210211,7,5
6,20210210,6,2
3,20210210,15,18
8,20210211,10,7
5,20210210,6,2
6,20210209,7,12
9,20210209,16,9
3,20210209,4,14
5,20210209,3,15
6,20210209,17,18
4,20210210,15,8
9,20210208,11,17
6,20210211,6,16
3,20210210,20,20
6,20210211,19,1
4,20210210,17,11
1,20210209,3,6
1,20210209,9,18
7,20210210,6,9
10,20210208,15,8
1,20210208,12,12
6,20210211,11,14
1,20210211,11,11
1,20210210,1,19
9,20210211,14,12
8,20210208,19,17
2,20210211,6,13
8,20210211,11,1
8,20210210,12,16
3,20210210,2,4
2,20210210,6,3
3,20210210,1,20
5,20210210,11,18
5,20210209,17,10
5,20210211,16,11
10,20210211,5,11
4,20210210,20,20
2,20210210,1,19
4,20210211,3,12
3,20210210,11,18
2,20210210,6,11
7,20210210,1,2
1,20210209,12,13
4,20210211,3,4
8,20210211,15,13
10,20210210,14,15
5,20210211,18,2
8,20210211,17,14
2,20210210,3,5
2,20210211,5,17
3,20210211,6,1
8,20210210,19,17
10,20210209,1,15
10,20210211,20,4
5,20210211,2,4
9,20210210,10,16
9,20210210,18,13
8,20210210,8,14
1,20210211,4,5
8,20210211,13,16
1,20210211,6,7
6,20210211,13,20
10,20210209,10,10
7,20210211,8,13
4,20210210,17,12
9,20210211,15,18
5,20210210,13,16
10,20210210,20,1
5,20210210,13,8
7,20210210,18,3
6,20210211,18,3
7,20210210,4,4
6,20210210,5,9
1,20210210,15,10
7,20210210,4,13
10,20210209,13,3
6,20210210,9,20
7,20210211,5,17
4,20210208,16,11
4,20210211,9,8
5,20210211,8,10
8,20210210,6,12
2,20210211,11,8
7,20210211,9,5
2,20210210,16,8
9,20210209,17,10
1,20210211,2,17
6,20210210,14,8
7,20210211,13,9
8,20210209,11,16
5,20210210,2,17
3,20210209,8,9
4,20210209,9,19
1,20210210,17,4
7,20210209,16,4
2,20210211,13,1
8,20210211,13,8
3,20210208,18,20
9,20210208,14,5
2,20210209,3,4
7,20210210,7,14
5,20210208,19,11
2,20210209,11,11
1,20210210,6,14
1,20210209,15,3
9,20210211,8,19
4,20210210,4,20
2,20210211,1,7
9,20210209,3,16
10,20210211,2,1
6,20210211,17,14
4,20210210,8,9
5,20210210,8,9
10,20210210,8,12
1,20210210,16,2
10,20210210,4,6
3,20210209,4,10
2,20210211,15,9
6,20210210,14,13
9,20210208,4,3
3,20210209,15,8
6,20210211,17,1
9,20210211,17,18
9,20210210,12,18
5,20210211,18,14
7,20210210,3,20
9,20210210,1,10
10,20210210,2,5
8,20210211,16,7
2,20210208,16,18
5,20210209,15,10
5,20210211,7,7
2,20210211,11,2
10,20210210,2,16
7,20210210,6,2
10,20210210,18,1
8,20210209,2,11
5,20210211,8,4
7,20210211,3,15
2,20210210,12,13
4,20210211,7,5
6,20210210,5,11
7,20210209,8,15
8,20210211,14,1
6,20210208,19,19
1,20210211,13,6
1,20210210,6,3
3,20210210,6,20
9,20210211,3,4
9,20210209,19,13
8,20210209,5,14
9,20210210,17,1
10,20210210,2,15
4,20210210,12,4
2,20210209,14,17
2,20210211,15,12
7,20210208,11,11
1,20210211,12,16
5,20210211,10,16
8,20210209,3,2
8,20210210,17,17
7,20210211,2,5
3,20210211,5,14
2,20210209,16,13
4,20210211,14,8
1,20210210,18,17
2,20210210,10,1
5,20210210,16,10
10,20210209,20,19
8,20210209,5,9
2,20210209,9,16
5,20210210,12,6
6,20210208,7,8
2,20210210,2,6
9,20210210,7,8
8,20210211,1,14
5,20210210,17,1
7,20210210,4,7
2,20210209,12,9
2,20210209,1,13
2,20210211,12,2
4,20210209,1,16
5,20210209,13,5
10,20210208,9,13
8,20210210,9,20
4,20210208,11,10
2,20210209,6,4
7,20210209,6,10
3,20210210,16,11
3,20210211,18,5
3,20210209,7,17
7,20210210,5,2
5,20210210,5,7
6,20210211,11,15
7,20210211,16,6
4,20210210,16,6
5,20210210,14,13
8,20210209,17,16
2,20210209,9,16
5,20210211,3,16
10,20210210,1,14
5,20210210,7,1
8,20210210,4,16
10,20210210,3,20
1,20210210,10,16
1,20210211,10,17
9,20210211,12,5
1,20210210,15,13
9,20210210,8,5
9,20210210,1,5
5,20210210,13,19
1,20210208,13,15
4,20210210,3,14
10,20210209,4,3
7,20210209,18,12
5,20210211,18,9
8,20210210,7,1
4,20210210,13,14
3,20210208,19,14
7,20210209,5,2
4,20210210,1,12
10,20210211,8,3
5,20210211,12,3
5,20210211,15,18
5,20210209,1,3
8,20210209,6,11
2,20210209,20,8
3,20210210,1,2
4,20210209,17,19
2,20210209,20,4
1,20210211,4,8
10,20210210,8,15
10,20210209,12,4
9,20210210,10,19
2,20210211,14,10
10,20210210,7,17
9,20210209,7,7
6,20210209,9,13
6,20210208,20,20
7,20210211,17,3
10,20210210,16,9
10,20210209,9,3
5,20210210,7,15
4,20210208,5,9
1,20210210,12,1
8,20210209,10,17
3,20210211,13,1
6,20210211,8,5
5,20210209,11,20
5,20210209,1,17
2,20210211,4,3
7,20210211,8,17
1,20210209,11,11
10,20210210,3,19
9,20210209,17,10
7,20210211,9,6
7,20210209,11,8
9,20210209,15,10
6,20210209,16,18
9,20210210,15,5
10,20210211,13,20
6,20210209,18,15
4,20210209,5,18
5,20210209,10,18
4,20210210,2,6
4,20210210,3,9
8,20210211,4,14
8,20210211,19,3
10,20210209,19,3
6,20210210,8,8
7,20210210,1,8
3,20210209,16,18
7,20210209,8,19
5,20210211,14,9
7,20210210,14,8
2,20210211,1,10
5,20210209,4,16
9,20210209,13,3
2,20210210,12,20
4,20210210,17,2
1,20210211,5,19
9,20210209,16,13
5,20210209,12,13
2,20210210,16,18
9,20210209,1,9
4,20210211,11,4
7,20210208,15,17
9,20210209,8,11
4,20210211,7,6
7,20210208,12,16
8,20210211,13,19
6,20210211,19,20
1,20210208,14,15
5,20210210,2,5
2,20210209,3,18
1,20210209,5,9
10,20210209,15,3
1,20210209,17,13
8,20210210,5,9
8,20210209,1,13
3,20210209,10,11
10,20210211,2,5
5,20210209,6,6
1,20210210,15,3
9,20210208,11,7
6,20210211,3,10
6,20210209,13,14
8,20210209,15,20
4,20210211,6,18
7,20210209,7,3
9,20210209,6,12
2,20210209,16,15
7,20210209,3,10
3,20210211,9,17
8,20210209,14,9
5,20210209,12,10
2,20210211,5,6
2,20210209,14,18
3,20210210,4,3
5,20210211,14,2
7,20210210,18,20
6,20210211,4,20
1,20210209,7,3
6,20210209,12,8
9,20210210,17,9
10,20210209,5,11
3,20210211,12,8
8,20210211,10,16
1,20210209,15,7
2,20210209,16,10
9,20210209,7,14
4,20210208,19,19
9,20210211,4,14
8,20210210,1,13
10,20210211,2,11
5,20210210,15,13
10,20210210,7,18
5,20210210,8,5
4,20210209,19,3
7,20210209,10,14
7,20210210,6,13
10,20210210,14,19
5,20210211,2,3
9,20210209,6,1
1,20210209,10,13
8,20210208,1,20
1,20210209,9,11
4,20210210,4,18
8,20210209,2,1
6,20210209,8,14
3,20210210,5,9
5,20210209,1,20
7,20210209,16,4
3,20210209,4,12
2,20210208,14,16
10,20210209,19,11
8,20210211,3,13
6,20210209,6,8
9,20210209,17,14
2,20210210,17,4
10,20210209,7,13
2,20210211,16,3
9,20210210,6,20
3,20210210,9,18
5,20210210,10,10
7,20210210,15,7
4,20210209,16,18
10,20210208,11,6
10,20210209,15,1
1,20210210,15,6
8,20210209,15,4
1,20210210,3,4
1,20210209,11,7
3,20210209,2,9
2,20210209,7,4
6,20210209,13,11
9,20210210,1,11
9,20210210,18,16
9,20210211,7,20
8,20210210,11,7
6,20210210,1,18
10,20210210,5,14
7,20210209,7,15
2,20210210,19,16
2,20210211,16,9
6,20210209,15,9
3,20210209,18,7
8,20210208,3,16
2,20210210,8,19
3,20210210,20,1
9,20210210,18,16
6,20210209,19,6
7,20210210,16,1
1,20210211,4,16
7,20210210,16,13
7,20210211,15,11
4,20210209,10,7
5,20210209,4,19
8,20210210,10,7
4,20210210,7,19
9,20210209,9,15
10,20210210,4,20
6,20210209,4,20
8,20210210,1,18
7,20210210,1,13
5,20210211,10,10
3,20210211,17,15
8,20210210,5,6
2,20210210,13,18
5,20210209,11,4
7,20210210,2,4
9,20210210,7,20
6,20210209,18,9
5,20210209,17,4
5,20210210,4,17
8,20210208,12,16
3,20210209,3,5
7,20210209,19,2
2,20210211,12,13
2,20210211,7,6
4,20210211,5,3
9,20210209,12,3
10,20210210,16,3
5,20210209,13,13
3,20210211,18,8
4,20210211,20,6
9,20210209,10,20
10,20210208,20,8
10,20210210,18,16
3,20210210,7,18
6,20210209,9,7
7,20210209,10,19
6,20210211,10,10
4,20210211,12,5
9,20210211,2,1
9,20210210,14,3
7,20210209,1,1
8,20210211,2,6
3,20210209,1,14
4,20210208,11,15
2,20210210,18,6
9,20210211,8,1
6,20210209,18,6
4,20210209,18,5
1,20210209,6,9
8,20210209,8,12
4,20210211,20,12
9,20210210,7,5
5,20210209,9,10
3,20210211,19,5
3,20210210,1,8
10,20210209,17,4
4,20210210,1,19
5,20210209,9,10
9,20210210,15,16
1,20210209,13,6
10,20210209,4,15
5,20210210,10,9
2,20210208,8,15
3,20210210,18,12
10,20210210,5,1
8,20210209,18,7
2,20210210,9,2
2,20210211,1,13
10,20210209,15,4
7,20210209,16,20
7,20210209,7,1
9,20210209,6,9
2,20210211,8,7
7,20210211,6,14
7,20210210,12,11
5,20210210,3,1
1,20210208,18,17
4,20210210,6,1
2,20210211,19,18
7,20210209,20,4
9,20210211,20,3
3,20210209,8,4
4,20210211,18,2
9,20210210,4,15
5,20210210,10,8
8,20210210,15,9
4,20210209,8,15
4,20210211,6,20
6,20210210,10,3
1,20210211,2,11
4,20210209,18,10
3,20210210,9,11
3,20210209,11,13
8,20210210,20,5
1,20210208,5,2
4,20210211,18,6
5,20210211,8,11
9,20210209,14,15
4,20210210,12,7
9,20210211,4,4
8,20210209,20,2
5,20210210,2,13
3,20210209,17,15
9,20210208,19,20
1,20210211,18,3
1,20210210,6,8
9,20210209,14,3
1,20210209,19,6
10,20210209,20,19
1,20210209,20,3
5,20210210,6,8
7,20210211,8,18
9,20210211,17,12
3,20210210,6,3
8,20210210,10,12
7,20210209,6,20
10,20210210,10,6
4,20210210,3,18
6,20210209,6,3
10,20210210,13,20
10,20210210,12,5
6,20210211,17,19
5,20210208,1,11
10,20210211,13,12
5,20210209,1,1
6,20210209,7,2
4,20210211,1,20
4,20210211,9,5
9,20210209,15,12
5,20210209,17,4
7,20210211,11,17
9,20210209,12,16
2,20210209,20,13
2,20210210,20,20
5,20210211,10,8
4,20210208,16,11
8,20210210,17,5
5,20210211,6,2
1,20210208,6,19
5,20210211,4,19
3,20210209,7,6
1,20210211,12,3
1,20210209,14,15
3,20210210,1,12
7,20210210,10,1
10,20210210,2,13
6,20210211,12,5
4,20210211,15,12
3,20210209,9,10
3,20210210,19,12
3,20210211,4,8
4,20210208,6,6
10,20210209,13,18
2,20210210,15,1
5,20210209,14,3
9,20210209,20,12
6,20210208,1,5
9,20210210,12,17
6,20210211,16,8
2,20210209,19,12
3,20210209,19,14
2,20210209,2,2
5,20210208,1,15
2,20210211,5,15
3,20210209,8,3
6,20210208,7,3
9,20210209,2,10
2,20210209,11,18
3,20210211,14,19
2,20210209,20,16
3,20210208,8,5
8,20210211,4,11
1,20210209,11,18
3,20210209,8,9
3,20210210,10,7
5,20210211,12,7
1,20210210,13,1
4,20210208,1,8
10,20210209,5,10
9,20210209,13,10
5,20210209,8,7
4,20210211,20,17
2,20210210,1,11
10,20210210,3,14
5,20210209,17,13
3,20210209,18,13
4,20210210,6,19
3,20210211,13,9
6,20210211,10,8
6,20210209,19,15
6,20210209,1,4
1,20210209,10,15
2,20210209,9,7
3,20210210,15,18
3,20210209,16,18
7,20210210,3,4
10,20210210,9,7
8,20210210,8,1
2,20210210,9,13
7,20210210,6,12
6,20210211,2,19
2,20210210,5,18
6,20210210,7,8
7,20210211,13,20
10,20210211,14,14
4,20210210,18,9
7,20210211,12,19
5,20210208,20,5
10,20210210,19,11
3,20210209,19,9
5,20210208,5,1
8,20210210,6,16
3,20210209,4,10
7,20210210,18,20
4,20210210,5,14
3,20210210,13,8
3,20210211,2,15
6,20210209,7,4
4,20210210,14,4
7,20210210,13,10
5,20210211,6,10
5,20210209,20,15
5,20210210,19,11
8,20210208,20,18
4,20210210,20,16
10,20210209,13,14
8,20210209,15,10
5,20210209,18,20
6,20210209,17,14
3,20210210,11,7
2,20210211,19,4
3,20210209,4,5
4,20210210,7,2
1,20210211,5,18
10,20210210,18,17
1,20210209,15,15
4,20210210,18,18
10,20210211,3,18
7,20210209,16,20
9,20210209,8,8
9,20210210,6,6
4,20210209,6,11
5,20210211,12,7
2,20210209,16,16
3,20210210,10,17
2,20210208,9,13
1,20210210,18,6
6,20210210,5,9
3,20210210,9,18
10,20210210,9,20
5,20210209,15,11
1,20210210,7,4
1,20210208,9,13
2,20210209,11,13
10,20210211,12,15
5,20210208,8,14
8,20210210,18,18
4,20210209,16,6
7,20210209,8,6
10,20210210,3,8
10,20210209,15,1
10,20210210,13,4
5,20210210,6,9
6,20210210,13,6
5,20210211,4,19
4,20210208,9,6
2,20210209,17,8
10,20210211,14,7
6,20210211,1,3
10,20210211,2,16
7,20210209,7,19
10,20210210,1,16
2,20210209,9,1
7,20210209,10,5
2,20210210,4,8
10,20210210,12,11
4,20210208,15,12
9,20210209,4,20
1,20210211,6,13
1,20210209,10,7
1,20210210,4,5
2,20210209,6,18
8,20210210,18,1
7,20210211,19,5
5,20210209,9,19
6,20210211,13,13
5,20210208,9,10
5,20210209,11,14
3,20210210,5,1
10,20210210,10,16
1,20210209,14,2
6,20210209,3,16
3,20210209,6,16
1,20210209,3,14
8,20210211,19,13
