2,1612914211,6
8,1612990990,11
10,1612900053,16
8,1613009210,14
2,1612947174,18
10,1612880807,19
7,1612960743,10
5,1612895873,1
8,1613016261,10
3,1612908670,4
4,1612917696,20
6,1612841288,20
10,1612950890,2
8,1612876646,2
7,1612893574,8
4,1612887155,1
7,1613033283,1
6,1612927204,1
7,1612841499,13
9,1612919588,10
6,1612832660,9
8,1613034815,7
6,1612865498,8
5,1613012685,17
9,1613014979,18
2,1613026244,14
2,1612837078,8
5,1613021244,7
1,1612833621,19
3,1613014410,14
10,1612864321,6
3,1612830650,9
5,1612960119,10
9,1612821641,8
5,1612852937,5
8,1612961748,13
8,1612935527,20
10,1612985464,12
7,1612990063,18
2,1613013445,11
4,1613030368,9
1,1612827552,4
5,1612878147,4
1,1612990882,4
3,1612817031,9
8,1612818399,13
2,1612820892,19
8,1612957297,7
2,1612904595,1
9,1612834648,1
7,1612956670,18
5,1612915579,15
3,1612976660,19
10,1613030705,17
8,1612923254,1
1,1612968923,18
4,1612854077,9
3,1612876542,13
6,1612909522,4
5,1612815563,10
3,1613024703,12
4,1612972917,12
8,1613008393,18
6,1612872259,8
6,1612800656,5
10,1612974231,9
10,1612917514,3
1,1612968271,8
10,1612843007,9
8,1613020360,10
3,1612779401,18
9,1612854390,2
10,1612781060,17
3,1612963440,13
9,1612850880,4
7,1612951464,15
6,1612806327,13
6,1612855584,4
7,1612920387,1
8,1612790481,8
8,1612784589,19
5,1612830555,13
5,1612869781,6
7,1612871187,8
9,1612897950,3
3,1612991164,13
1,1612991234,15
10,1613016833,11
6,1612994359,1
6,1613011681,5
5,1612937166,17
3,1612861836,2
4,1612987469,19
4,1612782310,1
2,1612789450,9
8,1612835669,1
8,1612847609,8
6,1612793386,11
1,1612904807,19
2,1612781701,11
10,1612911884,3
4,1613035796,20
3,1612954250,5
4,1612785346,17
1,1612941808,3
8,1612989883,6
3,1612888132,10
8,1612823126,2
1,1612852424,11
3,1612871381,18
10,1612940910,16
4,1612784897,17
3,1613000531,7
9,1612871724,20
6,1612915039,10
1,1612855579,12
10,1612950888,14
2,1613010764,13
9,1612789617,8
6,1613015281,8
1,1612880725,11
2,1612908500,8
2,1612788524,11
6,1612786587,2
3,1612808135,7
3,1612801967,12
10,1613014585,6
2,1612871970,11
10,1612844901,6
4,1613015931,8
2,1613007150,4
8,1613032689,1
2,1612816366,13
7,1612921730,17
5,1612778756,2
6,1613005165,4
9,1612797215,1
6,1612869632,15
7,1613004091,16
9,1612873519,12
2,1612920363,12
8,1612981592,15
8,1612943670,17
4,1612850029,18
8,1613006229,16
10,1612804917,20
1,1613015749,7
4,1612819315,19
2,1612807767,16
2,1612930245,19
7,1612966925,14
4,1612925194,13
10,1612923290,7
9,1613012403,19
2,1612855497,1
9,1612992032,4
1,1612935229,4
7,1612863999,18
4,1612995515,4
5,1612963776,3
6,1612871147,12
4,1612929622,13
1,1612947672,7
1,1612849923,10
8,1612862919,13
7,1613029833,12
5,1612965909,12
6,1612786325,4
2,1612975962,7
2,1612860738,17
1,1612895286,19
5,1612930051,5
3,1612778331,4
9,1612793368,20
10,1613000777,15
8,1612851763,4
8,1612938971,3
4,1612925119,11
9,1613002793,7
3,1613007765,14
6,1612841967,1
9,1613031066,14
8,1612843385,15
10,1613004873,5
10,1612982884,15
10,1612808117,7
2,1612792881,19
1,1612786416,8
8,1612864031,16
5,1612816935,15
1,1613028247,16
2,1612999455,16
3,1612934199,11
6,1612908316,5
3,1612938263,19
8,1612995826,18
7,1612895701,10
5,1613010635,17
8,1613036660,4
3,1612885460,11
9,1612944732,7
9,1612869432,17
2,1612966295,17
8,1612871527,1
7,1613012136,12
4,1612864257,20
7,1612915143,8
9,1612798913,2
9,1612807231,11
1,1612904512,19
2,1613033658,4
2,1612999142,1
8,1612855312,13
7,1612979993,6
8,1612836457,9
4,1613037307,6
9,1612949634,1
6,1612960288,10
4,1612819577,15
7,1612839454,15
6,1612865409,5
1,1613012469,17
5,1612888391,4
10,1612822888,17
3,1612889726,15
4,1612853155,12
1,1612895619,15
8,1612782424,9
3,1612818270,16
7,1612966608,12
4,1612852748,9
8,1613033120,18
1,1612848911,12
5,1612860319,3
2,1612824946,3
3,1612996435,11
4,1612889958,10
10,1612895687,12
2,1612817562,11
7,1612863066,6
10,1612937933,6
3,1612876415,14
6,1613026993,2
8,1612902896,12
1,1612965792,19
4,1612926784,5
10,1613015003,15
8,1612878654,4
10,1612985652,5
7,1612784803,4
10,1613017798,18
3,1612823286,15
1,1612896367,9
1,1612859044,1
3,1612792428,8
1,1612825687,20
6,1613021304,4
6,1612812718,10
7,1612917254,15
4,1612962941,11
3,1612974517,10
9,1612968148,15
1,1613012057,14
1,1612910073,18
5,1612895670,5
7,1612993502,4
5,1612853117,15
6,1613031700,7
8,1612818454,16
5,1612943789,18
7,1612882178,14
5,1612860642,15
3,1612906192,13
8,1612907420,11
9,1612987374,7
2,1612829389,17
6,1613028706,6
7,1612909921,2
6,1612870281,3
2,1612932203,14
9,1612840035,6
4,1613033809,15
7,1612890612,2
1,1612867868,9
7,1612779241,8
6,1612885156,19
7,1612989614,2
3,1612859360,15
2,1612946437,7
7,1612878304,8
8,1612973998,1
1,1612974091,12
10,1612842231,17
8,1612936224,8
4,1612782961,12
1,1612992017,15
7,1612809289,4
7,1613001504,15
5,1612892094,12
10,1613024350,12
9,1612858362,1
1,1612792806,20
4,1612899756,5
3,1612897426,5
6,1613025897,4
7,1613027510,11
5,1612785506,18
3,1612945444,14
3,1612898451,2
1,1612879470,17
3,1612840696,15
9,1612827920,12
7,1612788655,16
1,1612977974,16
1,1612786304,1
4,1613018388,16
3,1613000019,4
10,1612788317,7
8,1613035708,8
6,1612934456,20
9,1613035627,9
5,1613002079,15
10,1612778516,7
10,1613023796,15
6,1612993963,11
9,1612800415,13
7,1612798815,10
4,1612957333,17
8,1612907105,7
4,1612944598,13
9,1612874014,10
8,1612908746,18
3,1612839291,2
3,1612867023,5
1,1612997174,6
9,1612781326,10
10,1612778349,8
8,1612819909,19
2,1612860749,14
3,1612892547,10
2,1612871875,17
9,1613005789,1
1,1612842443,2
10,1612791058,5
3,1613027679,19
4,1612854822,1
9,1612962093,6
5,1613017955,8
3,1612965137,18
4,1612931385,6
2,1612852788,3
8,1613007112,3
8,1612960077,1
7,1612913609,3
8,1612864413,16
10,1612935409,9
7,1612893622,6
2,1612786855,1
7,1612934786,1
1,1612908465,3
9,1612853660,6
8,1612842593,4
6,1612784151,8
4,1612995293,7
10,1612890627,20
7,1612997787,12
2,1612972454,17
3,1612891166,17
1,1612879856,2
5,1612854694,1
4,1612781506,19
8,1612914134,5
5,1612812527,11
1,1612801848,10
10,1612884509,2
7,1612920432,20
8,1612882536,5
2,1613002830,20
7,1613003512,17
7,1612843989,13
6,1612958176,8
9,1612803224,2
9,1612898572,10
2,1612857811,13
10,1612820361,18
3,1612989190,20
3,1612874355,19
5,1612877996,10
10,1612912375,15
5,1612969231,7
10,1612790022,17
1,1613012610,1
1,1612958433,5
7,1612932954,17
1,1612839808,15
4,1612899864,13
4,1612802835,19
9,1612840516,14
3,1612783127,13
3,1612942940,15
4,1612956323,8
8,1612828551,2
9,1612795499,10
2,1613001234,15
1,1612851534,8
6,1613016272,18
4,1612932013,12
3,1613030702,1
5,1612946158,4
2,1612838594,9
9,1612965029,6
2,1612978479,10
9,1613013693,7
3,1612995389,9
3,1612887980,5
6,1612954252,13
6,1612842616,9
3,1613031342,11
3,1613029549,10
3,1612895951,1
9,1612824369,19
1,1613017735,3
3,1612903257,5
4,1612914529,9
6,1612845707,3
6,1612848036,10
4,1612801046,13
2,1612848433,18
10,1612888181,4
3,1612970440,7
8,1612990640,7
10,1612950300,3
8,1612797301,15
7,1612983749,10
5,1612822360,13
10,1612895518,14
8,1612816326,19
1,1612867737,13
3,1612817120,19
7,1612953283,7
8,1612906932,3
2,1612981075,17
2,1613004653,9
9,1612852780,14
4,1612883005,15
3,1612804511,19
6,1612908158,17
6,1612928647,3
3,1612968223,5
10,1612839978,11
3,1612980922,1
4,1612907598,16
4,1612849348,1
1,1612957134,18
5,1612860956,8
10,1612828949,15
3,1613021627,16
2,1612970482,12
5,1612843608,14
7,1613032915,19
5,1612892232,9
6,1613004729,20
4,1613028028,18
4,1612916438,20
6,1612870293,20
2,1612958864,20
1,1613028101,3
6,1612853938,18
3,1612786784,3
6,1612868216,12
10,1612847222,1
8,1612997518,16
5,1612959442,19
7,1612779531,16
4,1612965717,7
2,1612959723,14
1,1612969856,20
4,1612878578,15
1,1612807577,14
10,1612991670,17
4,1612870291,14
8,1612878548,1
9,1612904089,6
4,1612981795,6
6,1612840488,4
2,1612917968,20
9,1612881431,2
5,1612933902,11
2,1612987797,7
2,1613035018,12
6,1613023766,8
1,1612809731,19
7,1612972480,6
8,1612950637,20
5,1612959419,4
6,1612987170,4
5,1612855977,19
3,1612804799,13
9,1612778844,5
6,1612907632,15
7,1613034364,12
2,1612792304,12
9,1612866681,20
1,1612936856,17
9,1612857272,10
5,1612978012,8
8,1612821915,18
8,1612967780,20
3,1612798550,20
3,1612924117,18
4,1612908982,3
7,1612842310,11
6,1612916729,18
7,1612821382,16
2,1612865900,2
8,1612779762,9
6,1612944332,17
6,1612896933,16
10,1613023666,13
1,1612786951,19
9,1613014205,5
9,1612864816,6
5,1613009530,10
10,1612921642,1
1,1612993247,14
9,1612865437,14
3,1613002062,14
1,1613028254,4
3,1612931680,11
5,1612841447,1
4,1612811554,12
9,1612994938,15
9,1612911296,10
4,1612992949,1
10,1613015286,1
1,1612851772,13
1,1613029400,3
8,1612921081,9
6,1612816582,15
2,1612804848,13
6,1612779593,5
10,1612992063,3
8,1613020374,7
3,1612973326,15
1,1612866115,4
5,1612850955,17
4,1612921954,16
2,1612952012,8
2,1612928863,11
8,1612787328,9
8,1612916537,12
2,1612994668,13
4,1613027507,9
5,1612838321,7
3,1612930674,19
8,1613023166,3
1,1612818338,7
2,1613007058,2
2,1612796835,20
7,1612819740,11
8,1612987328,10
1,1613005465,14
4,1612993609,16
4,1612937090,6
10,1612953826,16
8,1612782716,8
10,1612816184,2
8,1612965578,7
5,1612848268,7
3,1612844324,1
10,1613011473,12
4,1612826030,8
1,1612853366,17
8,1612967662,7
8,1612871805,14
6,1612863689,2
3,1612925300,3
6,1612856514,14
7,1612780119,18
3,1612951909,1
5,1612932813,3
9,1612863220,11
4,1612845252,5
4,1612964226,13
6,1612928946,6
1,1612920842,6
8,1612942188,15
3,1613028544,1
2,1612916809,10
1,1612847304,13
6,1612888482,5
2,1612823221,20
5,1613014149,7
4,1612858758,3
3,1612929059,17
10,1612905152,5
5,1612865325,10
10,1612820334,1
1,1612977885,9
6,1612996517,9
4,1612815089,4
9,1612878076,5
8,1612864745,16
9,1612944962,11
10,1612841730,15
2,1612870191,13
9,1612965186,13
4,1612786959,15
10,1612914446,11
8,1612984142,3
6,1613007497,1
3,1612963992,10
9,1612957192,14
6,1612958818,15
10,1613007963,11
4,1612966763,11
10,1612843841,1
7,1612803647,19
7,1612808096,1
1,1612804174,3
5,1612878905,12
4,1612873205,5
1,1612907918,14
5,1612882597,18
8,1612797097,20
5,1613036119,16
9,1612944358,4
8,1613018973,20
9,1612833415,1
10,1612830128,11
1,1612840811,12
8,1613034472,6
2,1612989032,19
3,1613007856,12
5,1612813785,19
10,1612925508,4
1,1613013845,7
4,1612986660,2
6,1612923615,15
4,1613003178,18
9,1613013255,12
6,1612927613,5
4,1612834606,12
7,1612981961,18
7,1612829490,9
5,1612877359,18
10,1612985147,6
5,1612897749,16
10,1612873566,4
4,1612870468,3
1,1612898943,4
9,1612979061,8
4,1612871450,11
7,1612804962,13
8,1612884191,1
5,1612884942,3
1,1612945479,16
5,1612947567,6
3,1613025509,5
4,1613035480,8
4,1612880846,15
3,1612789154,4
1,1612817190,6
3,1612849459,7
6,1612779116,11
10,1612859414,5
6,1612843439,4
3,1612847560,16
1,1612801578,1
6,1612843587,17
10,1612930180,4
8,1612919378,7
4,1612883020,18
1,1612965938,16
1,1612964800,14
9,1612927718,6
8,1612831224,13
8,1612811624,19
1,1612821254,3
1,1612846284,13
2,1613002903,16
3,1612846655,5
9,1612963215,9
7,1612798812,20
4,1612860140,15
4,1612846651,14
5,1612847085,2
4,1612896038,12
2,1612788765,3
5,1612984927,19
5,1613032065,6
10,1613028891,13
4,1612972300,16
3,1612938290,2
2,1612800849,13
8,1613036016,1
5,1612973298,18
8,1612809506,12
5,1612968972,3
5,1612972406,9
10,1612932447,7
2,1612784000,14
10,1613032625,7
4,1613035104,15
3,1612936348,10
7,1612909050,16
4,1613012478,11
9,1612793255,7
4,1612924046,11
9,1612806233,6
9,1612790313,17
9,1612901221,10
6,1613003259,2
10,1612851498,18
10,1612783189,2
1,1612782458,18
10,1612800005,15
10,1612799962,5
3,1612896997,15
7,1612876608,15
9,1612898975,10
9,1612862677,3
3,1612909520,2
10,1612926293,13
3,1612857333,17
9,1612778287,13
8,1612911631,13
5,1613021726,10
4,1612819308,1
4,1612940233,14
10,1612848928,13
5,1612928956,20
8,1612916251,3
8,1612947242,6
7,1612881986,12
1,1612783085,5
6,1612857964,11
3,1612975937,9
8,1612909104,12
4,1612909207,8
7,1612842232,4
10,1612975840,19
4,1612899489,4
7,1612935683,13
8,1612850044,2
4,1613028721,5
2,1612826143,9
1,1612992732,16
9,1612971905,13
2,1612928773,7
2,1612984425,13
1,1612893703,10
2,1612904971,11
3,1612823508,18
9,1612995390,4
10,1612796782,7
6,1612910769,19
6,1612820483,16
7,1612958915,14
4,1612781736,3
7,1612954912,11
2,1612819499,18
10,1612892174,8
4,1612854134,6
5,1612858343,15
6,1612790872,18
4,1612928864,14
7,1612889079,7
10,1612986377,10
1,1612803227,14
5,1612953045,1
10,1612974637,9
4,1613036780,3
2,1612853862,12
1,1612989370,17
4,1613017052,12
2,1612892055,3
2,1612986290,20
3,1612921062,19
7,1612897071,3
4,1612963775,10
6,1612924234,3
10,1612810714,15
1,1612808543,14
7,1612792619,1
5,1612939901,13
9,1612816496,16
6,1612906440,8
6,1612965182,2
6,1612855546,7
8,1612974734,7
3,1612934125,12
10,1613002587,11
5,1612826480,18
8,1612826582,3
7,1612891314,15
1,1612832454,20
9,1612793830,6
3,1612929381,1
1,1612944121,6
5,1612982099,14
8,1612797724,8
9,1612955265,3
7,1612838489,6
7,1612827352,4
1,1612876576,18
10,1612897750,4
4,1613000811,12
3,1612826449,17
2,1612960675,2
4,1613006378,17
2,1612876961,5
2,1612948688,3
4,1612986786,5
8,1612899818,15
2,1612979636,18
8,1612904075,7
3,1612970812,16
1,1612834393,9
9,1612882983,20
2,1612841204,2
7,1612829589,16
6,1612794886,1
9,1612905171,15
5,1613014289,2
1,1612946129,16
7,1612789868,7
6,1613015034,6
3,1613004989,20
10,1612865179,18
6,1612923875,17
10,1612873551,8
5,1612820635,7
9,1612991118,13
1,1612985987,18
8,1612921754,19
10,1613017822,5
3,1612785751,11
7,1612834323,17
6,1612961694,4
1,1612898923,9
4,1612969221,9
4,1612849691,11
6,1612941109,10
2,1612881545,9
8,1612913778,7
9,1612790178,7
9,1612935852,1
6,1613008990,17
10,1612993045,15
2,1613030401,1
5,1612985169,2
8,1613007681,6
9,1612812284,10
8,1613001456,17
4,1612798258,7
3,1613036174,19
7,1612782982,8
6,1612843716,19
2,1612852304,15
3,1612949091,12
1,1612869396,8
9,1612919913,9
6,1612927052,14
3,1612872742,13
9,1612999759,1
7,1612871345,14
1,1613036746,12
7,1612967372,12
5,1612843199,12
9,1612819963,8
4,1612952427,10
9,1612881814,16
8,1613016603,5
6,1613011785,5
1,1612983996,1
4,1612961750,10
9,1612833106,19
6,1612870038,18
3,1612974622,1
7,1612942387,3
1,1612985652,6
3,1612853960,5
2,1612957354,8
3,1612845204,9
1,1613034941,8
3,1612961038,2
5,1612931262,18
7,1612877147,11
6,1612829770,3
2,1612830624,18
8,1612989909,15
10,1612828273,10
4,1612950787,19
3,1612784867,6
6,1612783747,13
2,1612967361,18
9,1612781787,17
10,1612784047,19
6,1612976580,5
1,1612971351,5
9,1612800067,10
4,1612958313,1
2,1613005240,6
9,1612874317,8
7,1612877945,16
10,1612875686,6
6,1612858601,20
7,1612855851,3
1,1612849141,16
5,1612958532,19
3,1612981735,10
3,1612884848,1
10,1612798952,14
10,1612883874,14
6,1612977075,14
3,1612801224,12
7,1612827608,3
3,1612858193,20
4,1612844552,2
1,1612867693,7
2,1613035137,5
9,1612834201,15
2,1612922717,10
10,1612997374,7
10,1612807322,6
4,1612866784,17
6,1612873890,16
3,1612806296,4
2,1613018808,20
3,1613006197,13
8,1612802736,16
6,1612866267,3
10,1612899224,18
6,1612880354,4
5,1612793242,1
8,1612953311,15
5,1612873382,15
1,1612832091,6
9,1613023028,18
9,1612971760,2
9,1612831221,7
3,1612859626,13
9,1612919547,18
7,1612879660,4
6,1612895100,9
8,1612886673,16
3,1612884285,14
7,1612908061,16
8,1612917815,16
3,1613009952,15
7,1612901764,1
8,1612953924,7
7,1612850669,5
7,1612807573,6
6,1612858712,17
5,1612786156,13
1,1612920537,1
4,1612843408,18
5,1612939565,19
6,1612782833,4
3,1612796298,6
9,1612917186,18
3,1612782392,12
1,1613011186,18
7,1612832492,17
7,1612940515,9
2,1612897313,18
3,1612993906,19
7,1612900247,17
1,1612920201,15
2,1612845778,20
4,1612918799,8
2,1612811936,15
5,1612974516,8
4,1612962628,2
2,1612891303,4
3,1612903160,4
1,1613014725,18
9,1613021108,10
2,1612846512,9
2,1612952450,9
1,1612866455,7
6,1612827725,5
5,1612941121,19
2,1612961966,3
6,1612848166,8
3,1612890660,3
8,1613013204,4
1,1612808459,18
9,1612841636,17
7,1613012537,16
10,1612800928,18
10,1612780330,14
3,1612850619,9
10,1612784929,8
5,1612984823,20
7,1612834735,2
5,1612908309,10
8,1612966133,4
